0.6756536762648612
0.728763910883341
0.19377207633416327
0.7130114236005081
0.04232337278483034
0.9374725228011626
0.8329608832809231
0.5582914395437385
0.21111683118999836
0.11436003292817465
0.2087792356242888
0.9224797740681404
0.20924156590174836
0.9814370547970301
0.9336251153580958
0.8611426832913642
0.7568108846875539
0.43364192030101634
0.3262468632643001
0.4317697040057502
0.010554287846576638
0.1641736221339397
0.7742911574945115
0.34726114854988577
0.23210790532315628
0.3000537987975278
0.20924235609667252
0.7478084259127493
0.31071254829346806
0.04914539402459872
0.36258667051339244
0.2421030009667423
0.943836137698942
0.10985475473272444
0.6991863094865824
0.7607897745591464
0.7746281907794844
0.5786204261411703
0.9757106318874016
0.7094149626372693
0.6161775692245244
0.5410210581866374
0.44372509271202853
0.7579860276566392
0.8224374010939635
0.01842848145173759
0.6932778411477345
0.5435762905344436
0.3391390288044579
0.3824696876018977
0.22385083394067973
0.3160458851532053
0.25879881653924597
0.6078494314392953
0.6571735283746281
0.03845420385851417
0.99836036425036
0.1323736506816029
0.44021071270493495
0.6738033771802215
0.04289419184166465
0.5191998643523795
0.7284544799469147
0.687470302478961
0.8895744448572768
0.7860772704718494
0.16096035969678035
0.6117586712459377
0.31780729079226355
0.2720211346086049
0.732636568728847
0.9729338888046659
0.32967471001462645
0.20643764504593853
0.15885988319970246
0.9095131023423935
0.8842231958656315
0.10703150729093658
0.02259070870312907
0.1722862112660608
0.44370195149086833
0.4804856930861332
0.7815462925395609
0.9344137319044781
0.47119871938998914
0.10285945592117796
0.8903888988158668
0.21964201027317376
0.3482580212790731
0.569421944544885
0.3789788234443786
0.17019101503722034
0.6860067824986577
0.710228501107219
0.15556709354426435
0.182224839594345
0.6975660593413251
0.5548460386403471
0.7257615828103532
0.570256538186907
